# This is a model profile derived for the San Antonio de los Cobres (SAC) CTA site candidate, using the measured
# and model profiles for Windhoek/the H.E.S.S. site as an indicator of a bias in
# the lower atmosphere profile of the NRLMSISE-00 model (which mainly aims at
# the upper atmosphere but provides reasonable results also in the troposphere and
# stratosphere). A compensation for such a bias was found to go to a geographic
# latitude some six to seven degrees closer to the equator.
#
# E.long = -66.250 deg, Lat.=-18.000 deg, LST=0.0 h
# Latitude = -18.00000 deg, g=9.78525 (9.78524) m/s^2, reff=6339.029077 km
# Atmospheric Model from annual average NRLMSISE-00 model for east longitude -66.250, latitude -18.000
# H(200 g/cm^2) = 12.450 km, H(300 g/cm^2) = 9.741, H(400 g/cm^2) = 7.653, H(500 g/cm^2) = 5.950 km
#Col. #1          #2           #3            #4        [ #5 ]     [ #6 ]       [ # 7 ]
# Alt [km]    rho [g/cm^3] thick [g/cm^2]    n-1        T [K]    p [mbar]      pw / p
    0.000     1.17098e-03  1.02685e+03   2.70915e-04   298.09   1.00588e+03  1.03945e-02
    1.000     1.06527e-03  9.15085e+02   2.46351e-04   291.92   8.95463e+02  8.36105e-03
    2.000     9.65463e-04  8.13604e+02   2.23197e-04   286.31   7.95492e+02  6.85522e-03
    3.000     8.72542e-04  7.21765e+02   2.01662e-04   280.96   7.05189e+02  5.65346e-03
    4.000     7.86958e-04  6.38853e+02   1.81840e-04   275.66   6.23774e+02  4.62812e-03
    5.000     7.08764e-04  5.64128e+02   1.63738e-04   270.20   5.50475e+02  3.71189e-03
    6.000     6.37734e-04  4.96862e+02   1.47300e-04   264.41   4.84553e+02  2.87887e-03
    7.000     5.73454e-04  4.36357e+02   1.32430e-04   258.17   4.25308e+02  2.13138e-03
    8.000     5.15392e-04  3.81964e+02   1.19003e-04   251.38   3.72095e+02  1.48710e-03
    9.000     4.62953e-04  3.33091e+02   1.06881e-04   243.97   3.24325e+02  9.65499e-04
   10.000     4.15525e-04  2.89207e+02   9.59224e-05   235.94   2.81470e+02  5.76058e-04
   11.000     3.72253e-04  2.49847e+02   8.59276e-05   227.45   2.43067e+02  3.16559e-04
   12.000     3.31672e-04  2.14669e+02   7.65573e-05   219.28   2.08772e+02  1.70150e-04
   13.000     2.92937e-04  1.83455e+02   6.76151e-05   212.11   1.78358e+02  9.63131e-05
   14.000     2.55869e-04  1.56030e+02   5.90587e-05   206.48   1.51649e+02  6.17637e-05
   15.000     2.20680e-04  1.32222e+02   5.09363e-05   202.81   1.28468e+02  4.82326e-05
   16.000     1.87917e-04  1.11817e+02   4.33741e-05   201.34   1.08607e+02  4.81911e-05
   17.000     1.58544e-04  9.45262e+01   3.65939e-05   201.67   9.17779e+01  0.00000e+00
   18.000     1.33036e-04  7.99802e+01   3.07063e-05   203.28   7.76273e+01  0.00000e+00
   19.000     1.11391e-04  6.77903e+01   2.57104e-05   205.71   6.57728e+01  0.00000e+00
   20.000     9.33376e-05  5.75821e+01   2.15434e-05   208.46   5.58491e+01  0.00000e+00
   21.000     7.84363e-05  4.90171e+01   1.81040e-05   211.09   4.75258e+01  0.00000e+00
   22.000     6.61136e-05  4.18088e+01   1.52598e-05   213.54   4.05232e+01  0.00000e+00
   23.000     5.58774e-05  3.57248e+01   1.28972e-05   215.81   3.46147e+01  0.00000e+00
   24.000     4.73394e-05  3.05766e+01   1.09265e-05   217.96   2.96167e+01  0.00000e+00
   25.000     4.01908e-05  2.62105e+01   9.27651e-06   219.99   2.53792e+01  0.00000e+00
   26.000     3.41849e-05  2.25004e+01   7.89028e-06   221.96   2.17794e+01  0.00000e+00
   27.000     2.91234e-05  1.93421e+01   6.72204e-06   223.89   1.87161e+01  0.00000e+00
   28.000     2.48460e-05  1.66495e+01   5.73476e-06   225.82   1.61053e+01  0.00000e+00
   29.000     2.12224e-05  1.43511e+01   4.89838e-06   227.81   1.38773e+01  0.00000e+00
   30.000     1.81459e-05  1.23868e+01   4.18828e-06   229.89   1.19740e+01  0.00000e+00
   32.000     1.32994e-05  9.26810e+00   3.06967e-06   234.54   8.95348e+00  0.00000e+00
   34.000     9.78168e-06  6.97894e+00   2.25773e-06   239.98   6.73802e+00  0.00000e+00
   36.000     7.23797e-06  5.29064e+00   1.67061e-06   245.72   5.10499e+00  0.00000e+00
   38.000     5.39400e-06  4.03724e+00   1.24500e-06   251.45   3.89325e+00  0.00000e+00
   40.000     4.05170e-06  3.09969e+00   9.35181e-07   256.86   2.98734e+00  0.00000e+00
   42.000     3.06932e-06  2.39264e+00   7.08435e-07   261.58   2.30456e+00  0.00000e+00
   44.000     2.34566e-06  1.85477e+00   5.41406e-07   265.19   1.78549e+00  0.00000e+00
   46.000     1.80844e-06  1.44198e+00   4.17409e-07   267.27   1.38740e+00  0.00000e+00
   48.000     1.40507e-06  1.12250e+00   3.24308e-07   267.66   1.07952e+00  0.00000e+00
   50.000     1.09803e-06  8.73546e-01   2.53438e-07   266.44   8.39764e-01  0.00000e+00
   55.000     6.00284e-07  4.61732e-01   1.38553e-07   257.43   4.43576e-01  0.00000e+00
   60.000     3.26016e-07  2.36672e-01   7.52483e-08   242.96   2.27365e-01  0.00000e+00
   65.000     1.70556e-07  1.16187e-01   3.93663e-08   227.91   1.11576e-01  0.00000e+00
   70.000     8.45505e-08  5.46218e-02   1.95153e-08   215.78   5.23689e-02  0.00000e+00
   75.000     3.96752e-08  2.48453e-02   9.15750e-09   208.62   2.37580e-02  0.00000e+00
   80.000     1.79859e-08  1.11118e-02   4.15137e-09   205.26   1.05971e-02  0.00000e+00
   85.000     8.04825e-09  4.93023e-03   1.85763e-09   202.44   4.67668e-03  0.00000e+00
   90.000     3.60621e-09  2.16506e-03   8.32356e-10   196.54   2.03448e-03  0.00000e+00
   95.000     1.60636e-09  9.25513e-04   3.70767e-10   187.59   8.64982e-04  0.00000e+00
  100.000     6.77289e-10  3.84487e-04   1.56326e-10   185.21   3.60060e-04  0.00000e+00
  105.000     2.70350e-10  1.62498e-04   6.24000e-11   196.89   1.52792e-04  0.00000e+00
  110.000     1.09393e-10  7.38714e-05   2.52491e-11   223.82   7.02799e-05  0.00000e+00
  115.000     4.72372e-11  3.71099e-05   1.09029e-11   268.23   3.63698e-05  0.00000e+00
  120.000     2.23821e-11  2.06127e-05   5.16605e-12   333.18   2.14056e-05  0.00000e+00
